#conf=dict_improved(acq_mode='accumulate', read_mode='full_vertical_binning', exposure_time=5, acc_N=2, acc_cycle_time=0.0, kinetics_N=1, kinetics_cycle_time=1, trigger_mode='internal', horiz_binning=1, vert_binning=1, track_options=None)
#cooler_en=True
#temperature=-79.89600372314453
#temperature_last_status=<Error_Codes.DRV_TEMPERATURE_STABILIZED: 20036>
#status=<Error_Codes.DRV_IDLE: 20073>
#cosmic_filter_en=True
#shutter=True
#vertical_amplitude=None
#vertical_speed_us=None
#detector=dict_improved(Nxy=(1024, 256), pixel_size_xy_um=(26.0, 26.0))
#timings=dict_improved(exposure=4.99999, accumulate=4.99999, kinetics=9.99998, read=0.02638999931514263, clean=0.0)
#spectro_conf:=[wavelength_nm=484.0, active_grating=2, sensor_pixel_num=1024, sensor_pixel_width_um=26.0, sensor_coeffs=None, at_zero_order=False, active_turret=1, gratings_info=[dict_improved(lines_per_mm=600.01001, blaze='650nm', home_pos=-18, offset=48), dict_improved(lines_per_mm=1200.130005, blaze='600nm', home_pos=4977, offset=29)], spectro_info=dict_improved(focal_length=0.3266879916191101, angular_deviation=-11.555100440979004, focal_tilt=-4.129280090332031), gratings_offset=[48, 29], flipper_ports={'input': 'direct', 'output': 'direct'}, focus_mirror_step_pos=365, iris_pct={'side': 100, 'direct': 0}, slit_width={'input_side': 10.0, 'input_direct': 260.0, 'output_side': 260.0, 'output_direct': 260.0}, slit_zero_pos={'input_side': -40, 'input_direct': -50, 'output_side': -50, 'output_direct': -50}, detector_offset={('side', 'side'): 2, ('side', 'direct'): 0, ('direct', 'side'): 1, ('direct', 'direct'): 530}, class_name="andor_kymera", idn="Andor,Kymera,KY-4644,sdk:1.2.0_class:0.1", options={}]
#class_name="andor_iDus"
#idn="Andor,IDUS DU420_BEX2,28584,fw:9_drv:1.2.6.0_sdk:2.104.30065.0_usb:10_dllver:2.104_pyver:1.2.0"
#options={}
#wavekength(nm)	rows...
454.164124000000015	1781
454.22287	1775
454.281647000000021	1778
454.340393000000006	1780
454.399138999999991	1779
454.457885999999974	1776
454.516662999999994	1779
454.575408999999979	1780
454.634155000000021	1780
454.692902000000004	1777
454.751647999999989	1780
454.810393999999974	1776
454.869141000000013	1780
454.927916999999979	1777
454.986632999999983	1775
455.045410000000004	1779
455.104126000000008	1781
455.162871999999993	1779
455.221618999999976	1779
455.280365000000018	1780
455.339081000000022	1778
455.397827000000007	1778
455.456543000000011	1778
455.515288999999996	1778
455.574035999999978	1779
455.632750999999985	1780
455.691498000000024	1780
455.750214000000028	1779
455.808960000000013	1778
455.867644999999982	1777
455.926392000000021	1776
455.985107000000028	1778
456.043822999999975	1777
456.102538999999979	1779
456.161285000000021	1776
456.219970999999987	1779
456.278716999999972	1776
456.337432999999976	1774
456.396118000000001	1782
456.454864999999984	1782
456.513550000000009	1776
456.572266000000013	1778
456.630950999999982	1779
456.689666999999986	1783
456.748352000000011	1780
456.807068000000015	1778
456.865752999999984	1783
456.924468999999988	1779
456.983154000000013	1779
457.041870000000017	1779
457.100586000000021	1780
457.15927099999999	1781
457.217986999999994	1779
457.276672000000019	1777
457.335357999999985	1778
457.394043000000011	1780
457.452759000000015	1776
457.511414000000002	1780
457.570129000000009	1780
457.628783999999996	1779
457.6875	1774
457.746154999999987	1778
457.804840000000013	1779
457.863524999999981	1781
457.922180000000026	1783
457.980895999999973	1781
458.039551000000017	1782
458.098235999999986	1777
458.156890999999973	1781
458.215575999999999	1780
458.274261000000024	1779
458.33294699999999	1777
458.391601999999978	1778
458.450256000000024	1778
458.508911000000012	1781
458.567565999999999	1779
458.626251000000025	1779
458.684906000000012	1779
458.743590999999981	1778
458.802215999999987	1781
458.860901000000013	1782
458.919525000000021	1778
458.978180000000009	1778
459.036834999999996	1779
459.095489999999984	1781
459.154143999999974	1781
459.212799000000018	1775
459.271483999999987	1783
459.330078000000015	1779
459.388733000000002	1781
459.447357000000011	1777
459.506041999999979	1778
459.564666999999986	1781
459.623321999999973	1779
459.681945999999982	1775
459.740569999999991	1781
459.799194	1783
459.857848999999987	1778
459.916472999999996	1781
459.975127999999984	1780
460.033751999999993	1779
460.09234600000002	1778
460.151001000000008	1779
460.209625000000017	1780
460.268280000000004	1782
460.326842999999997	1775
460.385497999999984	1779
460.444092000000012	1777
460.502746999999999	1779
460.561339999999973	1781
460.619964999999979	1778
460.678588999999988	1778
460.737183000000016	1777
460.795837000000006	1777
460.854400999999996	1777
460.913025000000005	1778
460.971618999999976	1782
461.030242999999984	1776
461.088837000000012	1779
461.147461000000021	1779
461.206054999999992	1782
461.264648000000022	1779
461.323212000000012	1777
461.381836000000021	1778
461.440459999999973	1777
461.499023000000022	1777
461.557647999999972	1777
461.616211000000021	1779
461.674804999999992	1782
461.733398000000022	1779
461.791991999999993	1776
461.850554999999986	1778
461.909149000000014	1778
461.967742999999984	1782
462.026305999999977	1779
462.084900000000005	1782
462.143493999999976	1776
462.202057000000025	1779
462.260650999999996	1778
462.319213999999988	1779
462.37777699999998	1777
462.436371000000008	1779
462.49490400000002	1779
462.553496999999993	1779
462.612060999999983	1775
462.670623999999975	1777
462.729187000000024	1781
462.787750000000017	1781
462.846343999999988	1777
462.904876999999999	1778
462.963439999999991	1779
463.022002999999984	1777
463.080565999999976	1783
463.139098999999987	1780
463.19766199999998	1780
463.256226000000026	1782
463.314757999999983	1780
463.373321999999973	1780
463.431853999999987	1781
463.490386999999998	1780
463.548949999999991	1776
463.607512999999983	1781
463.666016000000013	1776
463.724608999999987	1776
463.783112000000017	1776
463.841675000000009	1776
463.900176999999985	1780
463.958739999999977	1780
464.01724200000001	1777
464.075806	1779
464.134307999999976	1776
464.192871000000025	1777
464.251373000000001	1785
464.309906000000012	1778
464.368439000000023	1778
464.426940999999999	1780
464.485503999999992	1782
464.543975999999986	1776
464.602508999999998	1778
464.661041000000012	1777
464.719542999999987	1778
464.778075999999999	1781
464.836577999999975	1780
464.895050000000026	1776
464.953613000000018	1775
465.012085000000013	1783
465.070586999999989	1774
465.129149999999981	1778
465.187621999999976	1778
465.246124000000009	1779
465.304625999999985	1779
465.363129000000015	1775
465.421600000000012	1779
465.480102999999986	1780
465.538605000000018	1779
465.597106999999994	1776
465.655578999999989	1781
465.714081000000022	1777
465.772582999999997	1778
465.831054999999992	1777
465.889557000000025	1780
465.947997999999984	1777
466.006530999999995	1778
466.065001999999993	1782
466.123473999999987	1780
466.181945999999982	1780
466.240416999999979	1777
466.298888999999974	1779
466.357391000000007	1779
466.415833000000021	1783
466.474304000000018	1776
466.532805999999994	1777
466.591248000000007	1780
466.649719000000005	1774
466.708190999999999	1778
466.766662999999994	1780
466.82510400000001	1781
466.883575000000008	1781
466.942017000000021	1776
467.000488000000018	1779
467.058928999999978	1776
467.117400999999973	1777
467.175812000000008	1777
467.234283000000005	1779
467.292755	1779
467.351165999999978	1779
467.409636999999975	1777
467.468078999999989	1776
467.526520000000005	1775
467.584961000000021	1776
467.64340199999998	1779
467.701842999999997	1779
467.760284000000013	1780
467.818694999999991	1777
467.877136000000007	1778
467.935608000000002	1780
467.99401899999998	1778
468.052459999999996	1781
468.110869999999977	1778
468.169311999999991	1783
468.227722000000028	1778
468.286162999999988	1777
468.344542999999987	1778
468.402985000000001	1779
468.461394999999982	1779
468.519835999999998	1780
468.578246999999976	1776
468.636658000000011	1780
468.695067999999992	1781
468.753479000000027	1780
468.811890000000005	1777
468.870299999999986	1777
468.928711000000021	1774
468.987091000000021	1776
469.045501999999999	1777
469.10391199999998	1779
469.162323000000015	1775
469.220672999999977	1776
469.279113999999993	1779
469.337493999999992	1777
469.395905000000027	1781
469.454285000000027	1777
469.512695000000008	1775
469.571105999999986	1781
469.629456000000005	1777
469.687865999999985	1777
469.746216000000004	1779
469.804596000000004	1778
469.862976000000003	1778
469.921356000000003	1776
469.979736000000003	1782
470.038146999999981	1779
470.096466000000021	1782
470.154876999999999	1775
470.213256999999999	1781
470.27160600000002	1779
470.329987000000017	1779
470.388335999999981	1779
470.446715999999981	1781
470.505065999999999	1778
470.563445999999999	1782
470.621796000000018	1780
470.680144999999982	1778
470.738495	1781
470.796875	1779
470.855225000000019	1778
470.913573999999983	1780
470.971953999999982	1779
471.030273000000022	1777
471.088622999999984	1778
471.146973000000003	1778
471.205322000000024	1779
471.263641000000007	1776
471.322021000000007	1776
471.380310000000009	1777
471.438660000000027	1781
471.497008999999991	1781
471.55535900000001	1777
471.613677999999993	1781
471.672028000000012	1779
471.730346999999995	1779
471.788665999999978	1778
471.846985000000018	1778
471.905333999999982	1781
471.96365400000002	1780
472.021942000000024	1779
472.080291999999986	1776
472.13857999999999	1782
472.196930000000009	1783
472.255248999999992	1777
472.313537999999994	1776
472.371887000000015	1778
472.430176000000017	1776
472.488495	1777
472.546783000000005	1773
472.605133000000023	1779
472.66339099999999	1782
472.721709999999973	1777
472.779998999999975	1776
472.838318000000015	1778
472.89660600000002	1776
472.954895000000022	1775
473.013214000000005	1779
473.071472000000028	1778
473.129791000000012	1777
473.188048999999978	1777
473.246368000000018	1781
473.304625999999985	1778
473.362946000000022	1779
473.421203999999989	1778
473.479462000000012	1780
473.537750000000017	1779
473.596039000000019	1779
473.654296999999985	1778
473.71258499999999	1778
473.770873999999992	1783
473.829132000000016	1775
473.887389999999982	1779
473.945648000000006	1778
474.003937000000008	1776
474.062194999999974	1778
474.120482999999979	1775
474.178711000000021	1776
474.237000000000023	1776
474.295227000000011	1774
474.353516000000013	1779
474.411743000000001	1778
474.470001000000025	1780
474.528290000000027	1779
474.586486999999977	1779
474.644774999999981	1780
474.703003000000024	1777
474.76126099999999	1779
474.819488999999976	1778
474.877716000000021	1776
474.935944000000006	1781
474.994232000000011	1781
475.052429000000018	1776
475.110686999999984	1778
475.168883999999991	1779
475.227142000000015	1783
475.28537	1780
475.343596999999988	1776
475.401824999999974	1777
475.460052000000019	1777
475.518280000000004	1777
475.576477000000011	1777
475.634704999999997	1777
475.692902000000004	1778
475.751160000000027	1780
475.809325999999999	1777
475.867553999999984	1780
475.925780999999972	1776
475.983977999999979	1776
476.042206000000022	1779
476.100402999999972	1776
476.158599999999979	1778
476.216796999999985	1774
476.274993999999992	1774
476.333190999999999	1774
476.391417999999987	1777
476.449585000000013	1778
476.50778200000002	1778
476.566010000000006	1780
476.624175999999977	1783
476.682372999999984	1778
476.74054000000001	1778
476.798737000000017	1778
476.856902999999988	1777
476.915099999999995	1780
476.973267000000021	1779
477.031432999999993	1780
477.08963	1780
477.147827000000007	1776
477.205962999999997	1772
477.264160000000004	1780
477.322357000000011	1780
477.380493000000001	1777
477.438660000000027	1780
477.496796000000018	1781
477.554961999999989	1780
477.613129000000015	1777
477.671294999999986	1779
477.729430999999977	1783
477.787627999999984	1775
477.845763999999974	1777
477.903931	1777
477.962036000000012	1777
478.020202999999981	1780
478.078369000000009	1776
478.136505	1777
478.194672000000025	1774
478.25277699999998	1782
478.310944000000006	1773
478.369079999999997	1778
478.427185000000009	1775
478.485320999999999	1780
478.543488000000025	1775
478.60159299999998	1778
478.659729000000027	1776
478.717865000000018	1778
478.775969999999973	1776
478.834136999999998	1774
478.892211999999972	1778
478.950378000000001	1778
479.008452999999975	1777
479.066589000000022	1775
479.124694999999974	1779
479.182831000000022	1777
479.240905999999995	1775
479.299041999999986	1777
479.357117000000017	1778
479.415253000000007	1778
479.473327999999981	1778
479.531464000000028	1777
479.589568999999983	1782
479.647644000000014	1779
479.705780000000004	1773
479.763854999999978	1782
479.82195999999999	1779
479.880004999999983	1776
479.938140999999973	1777
479.996216000000004	1777
480.054290999999978	1779
480.112366000000009	1779
480.170501999999999	1774
480.228545999999994	1779
480.286621000000025	1777
480.344726999999978	1780
480.402770999999973	1776
480.460875999999985	1780
480.518920999999978	1780
480.577025999999989	1779
480.635070999999982	1777
480.693146000000013	1777
480.751220999999987	1776
480.809296000000018	1779
480.867340000000013	1775
480.925414999999987	1780
480.983458999999982	1780
481.041534000000013	1777
481.099548000000027	1782
481.15759300000002	1778
481.215667999999994	1775
481.273711999999989	1778
481.33178700000002	1779
481.389800999999977	1779
481.447876000000008	1778
481.505858999999987	1778
481.563934000000017	1780
481.62197900000001	1781
481.680023000000006	1777
481.73803700000002	1778
481.796082000000013	1777
481.854126000000008	1778
481.912140000000022	1781
481.970184000000017	1779
482.028197999999975	1777
482.086211999999989	1777
482.144226000000003	1778
482.202270999999996	1776
482.260253999999975	1776
482.318298000000027	1778
482.376311999999984	1782
482.434325999999999	1776
482.492340000000013	1777
482.550354000000027	1781
482.608367999999984	1779
482.66635100000002	1778
482.724364999999977	1775
482.782349000000011	1777
482.840363000000025	1780
482.898346000000004	1777
482.956328999999982	1779
483.014342999999997	1779
483.072326999999973	1777
483.130340999999987	1780
483.188324000000023	1776
483.24633799999998	1778
483.304290999999978	1780
483.362274000000014	1782
483.420227000000011	1776
483.478241000000025	1779
483.536224000000004	1780
483.594207999999981	1777
483.652160999999978	1783
483.710144000000014	1775
483.768097000000012	1779
483.82607999999999	1775
483.884064000000023	1778
483.941985999999986	1781
483.999969000000021	1777
484.057922000000019	1776
484.115905999999995	1778
484.173828000000015	1780
484.231811999999991	1780
484.289763999999991	1778
484.347716999999989	1780
484.405669999999986	1780
484.463593000000003	1779
484.521515000000022	1776
484.579498000000001	1777
484.637450999999999	1777
484.695403999999996	1778
484.753326000000015	1778
484.811248999999975	1776
484.869201999999973	1777
484.927094000000011	1775
484.985046000000011	1781
485.042969000000028	1776
485.10089099999999	1778
485.158813000000009	1778
485.216736000000026	1777
485.274657999999988	1779
485.332581000000005	1779
485.390533000000005	1778
485.448424999999986	1775
485.506348000000003	1779
485.564239999999984	1782
485.622191999999984	1778
485.680053999999984	1776
485.738006999999982	1782
485.795867999999984	1780
485.853790000000004	1780
485.91171300000002	1779
485.969604000000004	1779
486.027466000000004	1781
486.085357999999985	1778
486.143310999999983	1775
486.201171999999985	1778
486.259064000000023	1775
486.316925000000026	1779
486.374817000000007	1781
486.432708999999988	1778
486.490601000000026	1777
486.548461999999972	1777
486.60635400000001	1779
486.664245999999991	1779
486.722106999999994	1777
486.779967999999997	1779
486.837859999999978	1780
486.89572099999998	1777
486.953582999999981	1780
487.011475000000019	1780
487.069304999999986	1778
487.127166999999986	1782
487.184998000000007	1779
487.242888999999991	1779
487.300720000000013	1780
487.358611999999994	1775
487.416472999999996	1779
487.47427399999998	1779
487.532166000000018	1782
487.589995999999985	1776
487.647827000000007	1782
487.705658000000028	1778
487.763518999999974	1777
487.821320000000014	1777
487.879181000000017	1779
487.936981000000003	1777
487.994843000000003	1776
488.052673000000027	1777
488.110503999999992	1777
488.168364999999994	1780
488.226165999999978	1779
488.283966000000021	1780
488.341796999999985	1781
488.399628000000007	1776
488.457427999999993	1775
488.515259000000015	1781
488.57302900000002	1779
488.630890000000022	1776
488.688660000000027	1781
488.746489999999994	1778
488.804259999999999	1776
488.862091000000021	1777
488.919921999999985	1776
488.97769199999999	1777
489.035491999999977	1776
489.093261999999982	1777
489.151062000000024	1778
489.208831999999973	1774
489.266632000000016	1777
489.324402000000021	1773
489.382202000000007	1777
489.439972000000012	1777
489.497771999999998	1776
489.555542000000003	1780
489.613341999999989	1779
489.671111999999994	1777
489.728881999999999	1776
489.786681999999985	1781
489.844421000000011	1784
489.902191000000016	1780
489.959929999999986	1778
490.017731000000026	1777
490.075469999999996	1779
490.133240000000001	1777
490.190979000000027	1777
490.248748999999975	1777
490.306488000000002	1779
490.364258000000007	1776
490.421996999999976	1784
490.479736000000003	1778
490.537476000000026	1774
490.595244999999977	1781
490.652985000000001	1778
490.710724000000027	1783
490.768462999999997	1780
490.826171999999985	1782
490.883911000000012	1779
490.941681000000017	1778
490.999390000000005	1780
491.057097999999996	1782
491.114806999999985	1780
491.17257699999999	1778
491.230285999999978	1778
491.287994000000026	1776
491.345703000000015	1775
491.403441999999984	1776
491.461150999999973	1779
491.518860000000018	1779
491.576538000000028	1778
491.634276999999997	1781
491.691985999999986	1778
491.749663999999996	1777
491.807372999999984	1779
491.865081999999973	1777
491.922791000000018	1780
491.980469000000028	1780
492.038177000000019	1777
492.095856000000026	1784
492.153533999999979	1783
492.211211999999989	1775
492.268920999999978	1778
492.326569000000006	1780
492.384276999999997	1780
492.441956000000005	1777
492.499634000000015	1777
492.557312000000024	1778
492.614959999999996	1783
492.672667999999987	1782
492.730316000000016	1778
492.787994000000026	1777
492.845641999999998	1776
492.903290000000027	1778
492.96096799999998	1779
493.018616000000009	1777
493.076262999999983	1775
493.13394199999999	1778
493.191589000000022	1779
493.249236999999994	1778
493.306885000000023	1777
493.364502000000016	1782
493.422180000000026	1780
493.479797000000019	1777
493.537444999999991	1777
493.595061999999984	1775
493.652739999999994	1778
493.710357999999985	1776
493.768005000000016	1778
493.825591999999972	1777
493.883240000000001	1779
493.940886999999975	1780
493.998505000000023	1778
494.056122000000016	1777
494.11373900000001	1776
494.171356000000003	1777
494.228972999999996	1782
494.286590999999987	1776
494.344177000000002	1778
494.401824999999974	1778
494.459381000000008	1780
494.516998000000001	1776
494.574614999999994	1778
494.632232999999985	1778
494.689819	1779
494.747406000000012	1781
494.805023000000006	1780
494.862578999999982	1780
494.920196999999973	1776
494.977782999999988	1778
495.03537	1777
495.092957000000013	1776
495.150512999999989	1778
495.208129999999983	1775
495.265686000000017	1776
495.323241999999993	1781
495.380829000000006	1781
495.438416000000018	1777
495.495971999999995	1779
495.55355800000001	1781
495.611084000000005	1778
495.668671000000018	1780
495.726226999999994	1777
495.783783000000028	1779
495.841339000000005	1777
495.898894999999982	1778
495.956451000000015	1779
496.013977000000011	1776
496.071532999999988	1781
496.129089000000022	1776
496.186645999999996	1778
496.244170999999994	1778
496.301727000000028	1779
496.359253000000024	1781
496.41677900000002	1780
496.474304000000018	1777
496.531859999999995	1780
496.58938599999999	1778
496.646911999999986	1777
496.704436999999984	1779
496.76196299999998	1777
496.819519000000014	1776
496.876983999999993	1780
496.934540000000027	1775
496.992004000000009	1783
497.049530000000004	1780
497.107056	1780
497.164551000000017	1780
497.222076000000015	1780
497.279571999999973	1775
497.33706699999999	1777
497.394562000000008	1778
497.452057000000025	1779
497.509551999999985	1780
497.567047000000002	1783
497.624542000000019	1779
497.68203699999998	1780
497.739502000000016	1776
497.796996999999976	1774
497.854462000000012	1780
497.911956999999973	1778
497.96945199999999	1781
498.026917000000026	1779
498.084381000000008	1778
498.141876000000025	1781
498.199341000000004	1776
498.256804999999986	1780
498.314270000000022	1776
498.371735000000001	1777
498.429198999999983	1779
498.486632999999983	1778
498.54409800000002	1781
498.60153200000002	1778
498.65902699999998	1776
498.716460999999981	1779
498.773894999999982	1782
498.831328999999982	1777
498.888794000000019	1779
498.946228000000019	1782
499.00366200000002	1782
499.06109600000002	1779
499.118530000000021	1778
499.175964000000022	1777
499.233398000000022	1778
499.290833000000021	1778
499.348267000000021	1775
499.405669999999986	1775
499.463103999999987	1781
499.520537999999988	1780
499.577910999999972	1780
499.635376000000008	1780
499.692810000000009	1782
499.750182999999993	1778
499.807587000000012	1782
499.864989999999977	1776
499.922393999999997	1782
499.979827999999998	1779
500.03723100000002	1779
500.094604000000004	1781
500.152008000000023	1777
500.209411999999986	1782
500.266785000000027	1780
500.324158000000011	1780
500.381560999999977	1784
500.438964999999996	1782
500.496307000000002	1777
500.553711000000021	1782
500.611084000000005	1784
500.668456999999989	1778
500.725829999999974	1781
500.783233999999993	1777
500.840546000000018	1779
500.897948999999983	1782
500.955322000000024	1779
501.012665000000027	1781
501.070006999999976	1782
501.127380000000016	1779
501.184753000000001	1777
501.242096000000004	1777
501.299438000000009	1778
501.356811999999991	1782
501.414153999999996	1776
501.471466000000021	1782
501.528809000000024	1779
501.586182000000008	1779
501.643524000000014	1775
501.700867000000017	1778
501.758178999999984	1781
501.81552099999999	1775
501.872833000000014	1782
501.930176000000017	1779
501.987457000000006	1780
502.044800000000009	1782
502.102111999999977	1781
502.159453999999982	1779
502.216766000000007	1783
502.274077999999975	1778
502.331389999999999	1778
502.388702000000023	1780
502.446013999999991	1780
502.503295999999978	1779
502.560637999999983	1778
502.617920000000026	1777
502.675231999999994	1783
502.732512999999983	1775
502.789795000000026	1777
502.847106999999994	1781
502.904387999999983	1782
502.961670000000026	1782
503.018951000000015	1778
503.076233000000002	1779
503.133513999999991	1780
503.190795999999978	1783
503.248077000000023	1782
503.30535900000001	1780
503.362610000000018	1780
503.419891000000007	1778
503.477142000000015	1778
503.534424000000001	1780
503.591675000000009	1781
503.648955999999998	1784
503.706177000000025	1780
503.763458000000014	1777
503.820678999999984	1781
503.877959999999973	1777
503.935210999999981	1777
503.992461999999989	1780
504.049712999999997	1780
504.106902999999988	1778
504.164184999999975	1777
504.221405000000004	1783
504.278656000000012	1778
504.335846000000004	1783
504.393097000000012	1779
504.45034800000002	1774
504.507567999999992	1782
504.564789000000019	1779
504.622008999999991	1777
504.679230000000018	1777
504.73642000000001	1782
504.793671000000018	1777
504.850861000000009	1778
504.908080999999981	1782
504.965270999999973	1781
505.022491000000002	1780
505.079680999999994	1782
505.136870999999985	1779
505.194121999999993	1784
505.251282000000003	1784
505.308471999999995	1779
505.365661999999986	1777
505.422882000000016	1781
505.480042000000026	1781
505.53723100000002	1780
505.594421000000011	1778
505.651611000000003	1779
505.708771000000013	1780
505.765961000000004	1781
505.823089999999979	1779
505.880280000000027	1783
505.937469000000021	1776
505.994628999999975	1780
506.051758000000007	1784
506.108947999999998	1777
506.166137999999989	1779
506.223267000000021	1779
506.280425999999977	1783
506.337555000000009	1783
506.394745	1781
506.451842999999997	1776
506.509032999999988	1781
506.56616200000002	1780
506.623290999999995	1783
506.680480999999986	1777
506.737578999999982	1783
506.794708000000014	1779
506.851836999999989	1778
506.908966000000021	1781
506.966094999999996	1781
507.023224000000027	1781
507.080353000000002	1786
507.137481999999977	1782
507.194579999999974	1779
507.251709000000005	1780
507.308807000000002	1783
507.365905999999995	1778
507.423035000000027	1784
507.480133000000023	1781
507.537261999999998	1782
507.594330000000014	1777
507.65142800000001	1785
507.708527000000004	1782
507.765655999999979	1779
507.822693000000015	1783
507.87982199999999	1780
507.936859000000027	1783
507.993988000000002	1783
508.051024999999981	1781
508.108154000000013	1784
508.165222000000028	1781
508.222260000000006	1783
508.279387999999983	1783
508.336426000000017	1777
508.393493999999976	1782
508.450531000000012	1781
508.507659999999987	1782
508.564697000000024	1783
508.621764999999982	1782
508.678802000000019	1782
508.735869999999977	1783
508.792908000000011	1780
508.849976000000026	1782
508.907013000000006	1781
508.964049999999986	1779
509.02108800000002	1778
509.078125	1783
509.13516199999998	1780
509.192200000000014	1781
509.249236999999994	1783
509.306243999999992	1780
509.363312000000008	1780
509.420288000000028	1782
509.477355999999986	1780
509.534332000000006	1779
509.591369999999984	1784
509.64840700000002	1781
509.705414000000019	1783
509.762421000000018	1781
509.819396999999981	1779
509.876464999999996	1777
509.933441000000016	1784
509.990448000000015	1781
510.047423999999978	1783
510.104462000000012	1780
510.161469000000011	1780
510.218444999999974	1784
510.275391000000013	1781
510.332397000000014	1781
510.389404000000013	1781
510.446380999999974	1784
510.503356999999994	1786
510.560302999999976	1783
510.617309999999975	1784
510.674255000000016	1782
510.731262000000015	1780
510.788177000000019	1784
510.845184000000017	1780
510.902160999999978	1785
510.959075999999982	1786
511.016052000000002	1782
511.072997999999984	1780
511.129974000000004	1782
511.186890000000005	1785
511.243866000000025	1779
511.300812000000008	1782
511.35775799999999	1786
511.41473400000001	1782
511.471618999999976	1788
511.528564000000017	1780
511.585509999999999	1786
511.642455999999981	1786
511.699370999999985	1781
511.756286999999986	1782
511.81320199999999	1782
511.87017800000001	1781
511.927094000000011	1785
511.983917000000019	1783
512.04089399999998	1785
512.097839000000022	1785
512.154723999999987	1784
512.211547999999993	1781
512.268554999999992	1783
512.32543899999996	1785
512.38232400000004	1784
512.439269999999965	1783
512.496093999999971	1782
512.55297900000005	1792
512.609863000000018	1783
512.666808999999944	1786
512.723694000000023	1783
512.780578999999989	1783
512.837462999999957	1782
512.894348000000036	1781
512.951110999999969	1781
513.008057000000008	1784
513.064940999999976	1781
513.121826000000056	1788
513.178711000000021	1788
513.235535000000027	1789
513.292418999999995	1784
513.349303999999961	1783
513.406127999999967	1785
